h = 1024 + self.monotonicity(grid) + self.empty_tiles(grid) - 2*self.adj_difference(grid)
self.monotonicity_sum_weights = 1431655765/512
ONLY 2s

1024

1024 512

1024 512 1024

1024 512 1024 1024

1024 512 1024 1024 1024

1024 512 1024 1024 1024 1024

1024 512 1024 1024 1024 1024 1024

1024 512 1024 1024 1024 1024 1024 2048

1024 512 1024 1024 1024 1024 1024 2048 512

1024 512 1024 1024 1024 1024 1024 2048 512 1024

1024 512 1024 1024 1024 1024 1024 2048 512 1024 512

1024 512 1024 1024 1024 1024 1024 2048 512 1024 512 1024

1024 512 1024 1024 1024 1024 1024 2048 512 1024 512 1024 1024

1024 512 1024 1024 1024 1024 1024 2048 512 1024 512 1024 1024 1024

1024 512 1024 1024 1024 1024 1024 2048 512 1024 512 1024 1024 1024 1024

1024 512 1024 1024 1024 1024 1024 2048 512 1024 512 1024 1024 1024 1024 2048

1024 512 1024 1024 1024 1024 1024 2048 512 1024 512 1024 1024 1024 1024 2048 512

1024 512 1024 1024 1024 1024 1024 2048 512 1024 512 1024 1024 1024 1024 2048 512 2048

1024 512 1024 1024 1024 1024 1024 2048 512 1024 512 1024 1024 1024 1024 2048 512 2048 1024

1024 512 1024 1024 1024 1024 1024 2048 512 1024 512 1024 1024 1024 1024 2048 512 2048 1024 2048

Average: 1126.4