h = 1024 + self.monotonicity(grid) + self.empty_tiles(grid) - 4*self.adj_difference(grid)
ONLY 2s

2048

2048 2048

2048 2048 2048

2048 2048 2048 2048

2048 2048 2048 2048 512

2048 2048 2048 2048 512 2048

2048 2048 2048 2048 512 2048 512

2048 2048 2048 2048 512 2048 512 1024

2048 2048 2048 2048 512 2048 512 1024 256

2048 2048 2048 2048 512 2048 512 1024 256 1024

2048 2048 2048 2048 512 2048 512 1024 256 1024 1024

2048 2048 2048 2048 512 2048 512 1024 256 1024 1024 2048

2048 2048 2048 2048 512 2048 512 1024 256 1024 1024 2048 1024

2048 2048 2048 2048 512 2048 512 1024 256 1024 1024 2048 1024 512

2048 2048 2048 2048 512 2048 512 1024 256 1024 1024 2048 1024 512 1024

2048 2048 2048 2048 512 2048 512 1024 256 1024 1024 2048 1024 512 1024 512

2048 2048 2048 2048 512 2048 512 1024 256 1024 1024 2048 1024 512 1024 512 512

2048 2048 2048 2048 512 2048 512 1024 256 1024 1024 2048 1024 512 1024 512 512 512

2048 2048 2048 2048 512 2048 512 1024 256 1024 1024 2048 1024 512 1024 512 512 512 1024

2048 2048 2048 2048 512 2048 512 1024 256 1024 1024 2048 1024 512 1024 512 512 512 1024 512

Average: 1113.6