h = 512 + self.monotonicity(grid) * (1 + self.empty_tiles(grid)/16) - self.adj_difference(grid)
ONLY 2s

1024

1024 256

1024 256 1024

1024 256 1024 1024

1024 256 1024 1024 256

1024 256 1024 1024 256 512

1024 256 1024 1024 256 512 256

1024 256 1024 1024 256 512 256 256

1024 256 1024 1024 256 512 256 256 512

1024 256 1024 1024 256 512 256 256 512 2048

1024 256 1024 1024 256 512 256 256 512 2048 1024

1024 256 1024 1024 256 512 256 256 512 2048 1024 1024

1024 256 1024 1024 256 512 256 256 512 2048 1024 1024 512

1024 256 1024 1024 256 512 256 256 512 2048 1024 1024 512 2048

1024 256 1024 1024 256 512 256 256 512 2048 1024 1024 512 2048 1024

1024 256 1024 1024 256 512 256 256 512 2048 1024 1024 512 2048 1024 512

1024 256 1024 1024 256 512 256 256 512 2048 1024 1024 512 2048 1024 512 1024

1024 256 1024 1024 256 512 256 256 512 2048 1024 1024 512 2048 1024 512 1024 512

1024 256 1024 1024 256 512 256 256 512 2048 1024 1024 512 2048 1024 512 1024 512 256

1024 256 1024 1024 256 512 256 256 512 2048 1024 1024 512 2048 1024 512 1024 512 256 256

Average: 768.0