h = self.monotonicity(grid) * (1 + (self.empty_tiles(grid) - self.adj_difference(grid)) / 16)
ONLY 2s

512

512 1024

512 1024 2048

512 1024 2048 1024

512 1024 2048 1024 2048

512 1024 2048 1024 2048 1024

512 1024 2048 1024 2048 1024 1024

512 1024 2048 1024 2048 1024 1024 512

512 1024 2048 1024 2048 1024 1024 512 256

512 1024 2048 1024 2048 1024 1024 512 256 1024

512 1024 2048 1024 2048 1024 1024 512 256 1024 1024

512 1024 2048 1024 2048 1024 1024 512 256 1024 1024 1024

512 1024 2048 1024 2048 1024 1024 512 256 1024 1024 1024 2048

512 1024 2048 1024 2048 1024 1024 512 256 1024 1024 1024 2048 1024

512 1024 2048 1024 2048 1024 1024 512 256 1024 1024 1024 2048 1024 256

512 1024 2048 1024 2048 1024 1024 512 256 1024 1024 1024 2048 1024 256 512

512 1024 2048 1024 2048 1024 1024 512 256 1024 1024 1024 2048 1024 256 512 1024

512 1024 2048 1024 2048 1024 1024 512 256 1024 1024 1024 2048 1024 256 512 1024 1024

512 1024 2048 1024 2048 1024 1024 512 256 1024 1024 1024 2048 1024 256 512 1024 1024 1024

512 1024 2048 1024 2048 1024 1024 512 256 1024 1024 1024 2048 1024 256 512 1024 1024 1024 1024

Average: 1024.0