2s and 4s
512

512 512

512 512 512

512 512 512 256

512 512 512 256 128

512 512 512 256 128 256

512 512 512 256 128 256 128

512 512 512 256 128 256 128 512

512 512 512 256 128 256 128 512 2048

512 512 512 256 128 256 128 512 2048 256

512 512 512 256 128 256 128 512 2048 256 256

512 512 512 256 128 256 128 512 2048 256 256 1024

512 512 512 256 128 256 128 512 2048 256 256 1024 2048

512 512 512 256 128 256 128 512 2048 256 256 1024 2048 1024

512 512 512 256 128 256 128 512 2048 256 256 1024 2048 1024 512

512 512 512 256 128 256 128 512 2048 256 256 1024 2048 1024 512 512

512 512 512 256 128 256 128 512 2048 256 256 1024 2048 1024 512 512 1024

512 512 512 256 128 256 128 512 2048 256 256 1024 2048 1024 512 512 1024 512

512 512 512 256 128 256 128 512 2048 256 256 1024 2048 1024 512 512 1024 512 1024

512 512 512 256 128 256 128 512 2048 256 256 1024 2048 1024 512 512 1024 512 1024 256

512 512 512 256 128 256 128 512 2048 256 256 1024 2048 1024 512 512 1024 512 1024 256 512

512 512 512 256 128 256 128 512 2048 256 256 1024 2048 1024 512 512 1024 512 1024 256 512 256

512 512 512 256 128 256 128 512 2048 256 256 1024 2048 1024 512 512 1024 512 1024 256 512 256 256

512 512 512 256 128 256 128 512 2048 256 256 1024 2048 1024 512 512 1024 512 1024 256 512 256 256 1024

512 512 512 256 128 256 128 512 2048 256 256 1024 2048 1024 512 512 1024 512 1024 256 512 256 256 1024 512

512 512 512 256 128 256 128 512 2048 256 256 1024 2048 1024 512 512 1024 512 1024 256 512 256 256 1024 512 2048

512 512 512 256 128 256 128 512 2048 256 256 1024 2048 1024 512 512 1024 512 1024 256 512 256 256 1024 512 2048 1024

512 512 512 256 128 256 128 512 2048 256 256 1024 2048 1024 512 512 1024 512 1024 256 512 256 256 1024 512 2048 1024 512

512 512 512 256 128 256 128 512 2048 256 256 1024 2048 1024 512 512 1024 512 1024 256 512 256 256 1024 512 2048 1024 512 512

512 512 512 256 128 256 128 512 2048 256 256 1024 2048 1024 512 512 1024 512 1024 256 512 256 256 1024 512 2048 1024 512 512 1024

512 512 512 256 128 256 128 512 2048 256 256 1024 2048 1024 512 512 1024 512 1024 256 512 256 256 1024 512 2048 1024 512 512 1024 1024

512 512 512 256 128 256 128 512 2048 256 256 1024 2048 1024 512 512 1024 512 1024 256 512 256 256 1024 512 2048 1024 512 512 1024 1024 512

512 512 512 256 128 256 128 512 2048 256 256 1024 2048 1024 512 512 1024 512 1024 256 512 256 256 1024 512 2048 1024 512 512 1024 1024 512 512

512 512 512 256 128 256 128 512 2048 256 256 1024 2048 1024 512 512 1024 512 1024 256 512 256 256 1024 512 2048 1024 512 512 1024 1024 512 512 1024

512 512 512 256 128 256 128 512 2048 256 256 1024 2048 1024 512 512 1024 512 1024 256 512 256 256 1024 512 2048 1024 512 512 1024 1024 512 512 1024 512

512 512 512 256 128 256 128 512 2048 256 256 1024 2048 1024 512 512 1024 512 1024 256 512 256 256 1024 512 2048 1024 512 512 1024 1024 512 512 1024 512 512

512 512 512 256 128 256 128 512 2048 256 256 1024 2048 1024 512 512 1024 512 1024 256 512 256 256 1024 512 2048 1024 512 512 1024 1024 512 512 1024 512 512 512

512 512 512 256 128 256 128 512 2048 256 256 1024 2048 1024 512 512 1024 512 1024 256 512 256 256 1024 512 2048 1024 512 512 1024 1024 512 512 1024 512 512 512 256

512 512 512 256 128 256 128 512 2048 256 256 1024 2048 1024 512 512 1024 512 1024 256 512 256 256 1024 512 2048 1024 512 512 1024 1024 512 512 1024 512 512 512 256 1024

512 512 512 256 128 256 128 512 2048 256 256 1024 2048 1024 512 512 1024 512 1024 256 512 256 256 1024 512 2048 1024 512 512 1024 1024 512 512 1024 512 512 512 256 1024 512

Average: 684.8