h = 512 + self.monotonicity(grid) + self.empty_tiles(grid) - self.adj_difference(grid)
ONLY 2s

1024

1024 512

1024 512 1024

1024 512 1024 2048

1024 512 1024 2048 1024

1024 512 1024 2048 1024 1024

1024 512 1024 2048 1024 1024 1024

1024 512 1024 2048 1024 1024 1024 2048

1024 512 1024 2048 1024 1024 1024 2048 1024

1024 512 1024 2048 1024 1024 1024 2048 1024 1024

1024 512 1024 2048 1024 1024 1024 2048 1024 1024 512

1024 512 1024 2048 1024 1024 1024 2048 1024 1024 512 1024

Average: 1109.3333333333333